20.001142501831055
0.007204771041870117
20.001112461090088
20.01092028617859
3.5271339416503906
0.8686506748199463
20.00110960006714
1.0214629173278809
20.00111413002014
6.7977728843688965
20.001065969467163
10.941484212875366
0.007344245910644531
1.0305240154266357
20.001083850860596
10.11609935760498
13.43704628944397
20.001065254211426
11.778329849243164
18.205827474594116
10.824805736541748
20.001078605651855
20.00111222267151
20.010876655578613
20.000988006591797
14.834065914154053
0.47239065170288086
1.0073566436767578
20.00115442276001
0.8082692623138428
20.001103401184082
0.33359694480895996
0.9893169403076172
0.35859107971191406
1.084136724472046
20.00105333328247
20.001060247421265
0.2849233150482178
0.07192444801330566
0.9145002365112305
0.03812122344970703
3.2798922061920166
17.450935125350952
3.2155702114105225
20.001055002212524
20.00106954574585
11.535154581069946
13.029893159866333
11.034420728683472
1.2654063701629639
2.6150131225585938
7.120802879333496
20.010878086090088
0.02148723602294922
0.23793244361877441
12.715172052383423
13.776361227035522
10.925662994384766
0.8328192234039307
0.23093819618225098
1.8574302196502686
10.839502811431885
20.00114154815674
16.49192523956299
20.000950574874878
20.001033782958984
20.00102949142456
3.3611018657684326
11.976959466934204
0.22127223014831543
20.00102210044861
20.001205682754517
20.00103187561035
20.001052856445312
20.001194953918457
20.001065731048584
0.03980851173400879
2.1093180179595947
1.9693310260772705
0.1798388957977295
20.00112819671631
20.001081705093384
0.17134523391723633
20.001017570495605
0.06753182411193848
4.58340048789978
0.0418553352355957
1.0654160976409912
16.405962467193604
0.923750638961792
20.000985145568848
0.08554315567016602
20.011051177978516
20.00109839439392
20.001091718673706
1.0081737041473389
3.209230661392212
1.0827972888946533
0.017998933792114258
20.001020431518555
0.22888398170471191
20.00106453895569
1.0609638690948486
5.770450592041016
20.001068830490112
20.001048803329468
0.014199256896972656
0.11289000511169434
20.001007556915283
0.48615050315856934
20.00103783607483
20.001108169555664
0.18610095977783203
20.001032829284668
20.001092672348022
20.001092195510864
0.019124507904052734
2.240818977355957
20.001100540161133
1.855241060256958
15.443157434463501
