0.2785167694091797
0.006730079650878906
2.573402166366577
0.010751962661743164
0.21187877655029297
0.1672194004058838
0.3424813747406006
0.2321481704711914
0.31977057456970215
0.2834501266479492
0.7882485389709473
0.14084911346435547
0.0024635791778564453
0.07810688018798828
0.2661151885986328
0.343552827835083
0.2179880142211914
0.932976484298706
0.4090282917022705
0.012544393539428711
0.07008934020996094
0.6944270133972168
1.499117136001587
0.012188196182250977
0.01458597183227539
3.35309100151062
1.0377323627471924
0.19362998008728027
20.00128197669983
0.009504318237304688
0.4869072437286377
0.32965826988220215
0.14909887313842773
0.5311625003814697
1.0147607326507568
0.5650217533111572
1.783752679824829
0.24500107765197754
0.07265162467956543
0.126481294631958
0.026763439178466797
0.281782865524292
0.3631112575531006
0.015161514282226562
1.0286314487457275
1.8792784214019775
0.6770827770233154
0.23100733757019043
0.2032630443572998
0.47321581840515137
0.3215458393096924
1.948869228363037
2.8397934436798096
0.023700237274169922
13.469736337661743
1.1333718299865723
0.4793105125427246
0.3679964542388916
0.8791859149932861
0.21777105331420898
1.0915319919586182
0.08474898338317871
0.013137578964233398
0.2336292266845703
0.011258125305175781
0.02040243148803711
2.549652576446533
0.17622947692871094
1.4747073650360107
0.23941564559936523
0.2223658561706543
0.021929264068603516
0.24010491371154785
1.3451547622680664
0.2326335906982422
11.048448085784912
0.023056507110595703
0.4848744869232178
0.4629814624786377
0.18164515495300293
0.2690274715423584
0.29810166358947754
0.23201680183410645
0.00807499885559082
0.20926642417907715
1.4741203784942627
0.03740811347961426
0.20885586738586426
0.2735939025878906
0.1342020034790039
0.6683094501495361
0.054048776626586914
13.915592432022095
0.01676201820373535
0.26669764518737793
0.12814068794250488
0.008385896682739258
0.2363886833190918
0.040338754653930664
0.33547449111938477
0.08754730224609375
20.001205444335938
0.25984907150268555
0.17309141159057617
2.1098573207855225
20.001192569732666
1.0310158729553223
0.1088259220123291
0.02104640007019043
0.42969632148742676
0.5117266178131104
0.03708386421203613
0.09121322631835938
0.25844454765319824
0.011324405670166016
0.25182342529296875
0.007014751434326172
2.247608184814453
0.009134292602539062
0.24356698989868164
0.6686079502105713
