20.001160860061646
0.007242441177368164
12.368911266326904
20.003034591674805
20.001054048538208
1.6676278114318848
20.001070976257324
20.001084327697754
20.001094818115234
16.405240774154663
20.001094102859497
20.001187324523926
0.002233266830444336
1.6932978630065918
1.0959699153900146
20.001068115234375
20.001065254211426
20.00105881690979
16.40419912338257
18.20973253250122
20.001015424728394
20.001148462295532
16.404134511947632
20.001047134399414
20.001118659973145
20.001041173934937
1.02669095993042
1.013146162033081
20.001227140426636
1.609138011932373
20.00105881690979
0.33405518531799316
20.001040935516357
20.001044511795044
0.2151951789855957
20.001062631607056
20.0010929107666
20.001099824905396
0.8078570365905762
0.9483845233917236
0.8505256175994873
20.00112748146057
11.954351902008057
3.213606595993042
20.001140832901
20.00102925300598
11.490687370300293
16.40465235710144
11.85788607597351
16.4053316116333
20.00104856491089
20.001153707504272
15.204134225845337
20.001111268997192
1.2921254634857178
4.402170181274414
20.001096725463867
16.85953640937805
0.03140735626220703
0.23597073554992676
20.00107431411743
20.001017570495605
20.001113653182983
20.001118659973145
1.4282596111297607
3.5300872325897217
20.001007318496704
20.00111198425293
20.0010769367218
0.24327683448791504
10.23240876197815
20.001044034957886
20.001041412353516
2.110558271408081
6.622799396514893
20.00108551979065
0.03773641586303711
0.5126316547393799
20.00110149383545
20.001038789749146
20.001068592071533
20.001062631607056
1.015570878982544
20.001075506210327
0.09129524230957031
20.00109100341797
0.08201289176940918
2.6381096839904785
20.00105309486389
20.001086473464966
20.001070499420166
20.001100063323975
18.460469722747803
0.08025050163269043
1.1836457252502441
0.1540834903717041
0.0075380802154541016
1.0313777923583984
0.017258644104003906
20.001080751419067
1.0459098815917969
20.001042127609253
1.051985740661621
20.00105333328247
20.00103735923767
20.00108027458191
20.00104808807373
0.2536897659301758
20.00131058692932
20.001078367233276
20.00106430053711
0.8345506191253662
0.10304760932922363
20.001049757003784
20.001091718673706
20.00118899345398
0.03039264678955078
2.3136210441589355
20.001041412353516
20.00115966796875
16.2559654712677
