0.34096360206604004
0.007772207260131836
16.897287607192993
1.7544286251068115
1.0612642765045166
0.9627764225006104
6.730101823806763
0.24738621711730957
0.2965059280395508
2.043304204940796
1.7032301425933838
0.19287967681884766
0.0021605491638183594
0.09377360343933105
1.0554735660552979
1.7143831253051758
1.6791658401489258
3.3330743312835693
2.6489412784576416
0.01332712173461914
0.8375141620635986
1.5039474964141846
20.00101613998413
0.10386919975280762
0.8316640853881836
20.00101900100708
0.6051933765411377
0.23074650764465332
1.8562700748443604
1.6092824935913086
0.49593186378479004
0.23001432418823242
1.0225393772125244
1.2461211681365967
0.2324814796447754
0.5500550270080566
2.586512565612793
20.001046419143677
0.8292248249053955
0.0678858757019043
1.650277853012085
1.906083583831787
0.3628697395324707
0.011581897735595703
10.243858814239502
11.864206790924072
1.1891698837280273
6.648849010467529
0.07942652702331543
20.0011305809021
1.0203444957733154
0.5084900856018066
3.6706199645996094
20.001128673553467
1.1124858856201172
2.0614821910858154
1.2790629863739014
1.952000617980957
0.8800764083862305
1.0201213359832764
0.26793861389160156
0.8097259998321533
20.001148223876953
1.694345474243164
20.00111746788025
10.3296377658844
20.001030683517456
20.001139879226685
20.001031160354614
0.29297375679016113
0.22648286819458008
0.02906513214111328
0.25906825065612793
20.00111174583435
0.23449373245239258
20.001078605651855
0.021020889282226562
0.5496246814727783
1.8528499603271484
0.18733429908752441
0.2687191963195801
1.719759464263916
0.1741015911102295
20.001089096069336
0.17896056175231934
20.000991106033325
0.809063196182251
1.0424318313598633
6.712897300720215
0.9171550273895264
20.00103449821472
10.05232858657837
7.922168016433716
0.02337360382080078
0.2660036087036133
0.15513110160827637
0.00785517692565918
1.8442285060882568
0.040055036544799805
20.001107931137085
0.9705214500427246
20.001186847686768
1.8495943546295166
20.001036405563354
3.126943349838257
20.00106716156006
0.29799914360046387
0.4787931442260742
8.252562046051025
20.00108242034912
20.001110553741455
20.00109076499939
0.09089136123657227
1.8571717739105225
0.3236057758331299
0.25097107887268066
0.007039785385131836
10.685873031616211
20.0010986328125
0.24764680862426758
1.490135908126831
