0.2867729663848877
0.006547212600708008
10.715279579162598
0.005269050598144531
0.21918249130249023
0.1722261905670166
2.927173137664795
1.8490290641784668
0.30437326431274414
1.2549657821655273
0.8024113178253174
0.9600098133087158
0.002074718475341797
0.25177574157714844
0.27025747299194336
10.912916660308838
0.07790827751159668
13.24795126914978
0.2608964443206787
0.013380289077758789
0.832770824432373
20.001113653182983
3.7311348915100098
0.016267776489257812
0.014847040176391602
12.044084310531616
1.039109706878662
0.22257781028747559
0.24927449226379395
0.00788736343383789
1.270275354385376
0.330031156539917
0.17043566703796387
3.324448347091675
1.0119307041168213
0.5533335208892822
1.785740613937378
1.0381791591644287
0.011174917221069336
0.25243282318115234
0.03694939613342285
0.31818652153015137
0.37093138694763184
0.012458324432373047
1.0275700092315674
10.25234317779541
2.3143346309661865
0.23058414459228516
0.20738983154296875
0.47289586067199707
1.059767723083496
1.32499361038208
2.0464422702789307
1.633504867553711
0.27126622200012207
1.9826033115386963
2.0379674434661865
1.9415552616119385
0.8811759948730469
0.23434686660766602
1.8245723247528076
0.06782174110412598
0.021342992782592773
0.2333662509918213
0.010831117630004883
0.021931886672973633
6.851999759674072
0.15930652618408203
3.89884877204895
0.2425224781036377
0.23872160911560059
0.021098613739013672
1.8259272575378418
1.3034119606018066
1.0247037410736084
1.8433709144592285
0.05548667907714844
2.0997958183288574
0.01718616485595703
0.18291473388671875
1.0683934688568115
0.2618286609649658
0.2289741039276123
0.006270170211791992
0.09876203536987305
2.283796548843384
0.08534765243530273
0.23767471313476562
0.5540471076965332
0.14636683464050293
0.6899569034576416
0.023971080780029297
2.3605692386627197
0.0468449592590332
0.2716991901397705
0.16748619079589844
0.008078336715698242
0.22414517402648926
0.04160022735595703
0.3309955596923828
1.6829419136047363
20.001208782196045
1.0623745918273926
2.58599853515625
1.0814638137817383
20.00199007987976
3.283996105194092
0.32453298568725586
0.02094435691833496
1.2531452178955078
0.5363421440124512
0.8556785583496094
0.18712949752807617
1.060211420059204
0.009715080261230469
0.2508962154388428
0.8193759918212891
2.242825984954834
0.0079498291015625
1.0234451293945312
7.086405277252197
