0.3365778923034668
0.009377241134643555
3.357445240020752
0.8401339054107666
3.2825896739959717
0.9650993347167969
0.3069944381713867
0.24187326431274414
1.1462507247924805
3.666088342666626
0.8173162937164307
0.16017508506774902
0.002389669418334961
0.23053193092346191
1.8223228454589844
8.257967472076416
0.22327494621276855
10.25596833229065
0.24959492683410645
0.013802528381347656
1.631392478942871
2.3686304092407227
3.640735387802124
0.9007196426391602
0.04104876518249512
14.85204529762268
2.283646583557129
0.18953585624694824
20.001213312149048
0.008820295333862305
1.288820743560791
1.0335025787353516
0.20394349098205566
0.3843514919281006
0.2260291576385498
0.5517215728759766
1.7825698852539062
0.29076290130615234
0.8307652473449707
0.19045162200927734
0.8590810298919678
0.8108844757080078
20.001076459884644
2.413978099822998
0.2565324306488037
1.0775799751281738
1.4679272174835205
0.22675585746765137
0.8066182136535645
1.2894515991210938
1.6107878684997559
0.49558138847351074
1.248823642730713
0.01720118522644043
1.8731639385223389
2.8161182403564453
12.961010217666626
0.35182905197143555
0.882267951965332
0.29256248474121094
3.457587242126465
0.8990278244018555
0.8167784214019775
0.0878145694732666
0.07306385040283203
0.05589938163757324
3.196017265319824
0.17415452003479004
12.115739107131958
0.24322962760925293
1.028977632522583
1.8221874237060547
0.23811626434326172
2.06961727142334
0.22194838523864746
11.841356992721558
0.07831883430480957
3.6985526084899902
0.20911717414855957
0.17961359024047852
1.0554661750793457
0.294508695602417
0.22785115242004395
0.007353305816650391
0.0869913101196289
0.7685835361480713
0.08605575561523438
0.2536139488220215
1.1242790222167969
1.1425395011901855
0.6827611923217773
0.08090853691101074
4.013314723968506
0.016109943389892578
0.21421003341674805
1.6912522315979004
0.8084278106689453
0.23661494255065918
0.02004694938659668
0.354567289352417
0.8764386177062988
20.00107192993164
0.25688695907592773
0.17016100883483887
4.2433483600616455
20.001158714294434
0.21961498260498047
0.03796052932739258
1.8346917629241943
0.46264123916625977
1.305846929550171
0.8508617877960205
0.09109926223754883
20.00106430053711
0.07239699363708496
0.24939370155334473
0.039903879165649414
10.67967939376831
0.8087241649627686
0.24266266822814941
0.6437034606933594
