20.001314640045166
0.00758671760559082
20.00111699104309
20.001068115234375
20.00114130973816
0.8681032657623291
20.00110697746277
20.001161575317383
20.001072645187378
16.40561604499817
20.001194715499878
20.001034021377563
0.0020940303802490234
20.001036882400513
20.001038789749146
20.00112009048462
20.001042366027832
20.001060009002686
16.403950452804565
18.20705270767212
20.001046657562256
20.001203298568726
16.40400266647339
20.0010347366333
20.001078844070435
20.00106382369995
1.0283455848693848
1.0629551410675049
20.00126838684082
20.00116991996765
20.001076221466064
0.33087968826293945
20.0010769367218
20.00109839439392
0.23836445808410645
20.00104069709778
20.001102209091187
20.00103187561035
0.8073761463165283
0.8888452053070068
11.222454309463501
20.00114870071411
16.612092971801758
20.001046895980835
20.00104546546936
20.001009464263916
20.001047611236572
16.404839515686035
20.00104260444641
16.404826164245605
20.001094579696655
20.001070499420166
20.00107479095459
20.00100326538086
0.30635523796081543
20.001041173934937
20.001039028167725
20.001084089279175
0.8377668857574463
20.001052618026733
20.001030683517456
20.00104832649231
20.001047134399414
20.00105118751526
20.001240491867065
20.00105571746826
20.001030683517456
20.0010507106781
20.001033782958984
0.247222900390625
20.00101113319397
20.001095056533813
20.00119185447693
20.00109553337097
20.00106167793274
20.00106167793274
0.09626340866088867
20.00115203857422
20.001052856445312
20.001049757003784
20.001099348068237
20.00109553337097
1.0453667640686035
20.001042127609253
0.16202926635742188
20.00102734565735
20.001038074493408
0.9878721237182617
20.001074075698853
20.001072645187378
20.001020908355713
20.001065969467163
16.057469129562378
20.001041650772095
20.001018285751343
1.0901374816894531
20.00109100341797
20.00099778175354
0.029585838317871094
20.00106692314148
16.405142784118652
20.00111985206604
1.3279826641082764
20.001026391983032
20.00102734565735
20.001022338867188
20.00104808807373
0.03685498237609863
20.001251935958862
20.00111413002014
20.00111174583435
20.001006364822388
0.0904693603515625
20.001177549362183
20.001057147979736
20.00105881690979
0.020118236541748047
3.2689435482025146
20.00105595588684
20.001099348068237
15.53326416015625
