0.45763635635375977
0.007966279983520508
3.3404183387756348
0.006038665771484375
0.2581522464752197
0.9647409915924072
1.906304121017456
0.24088406562805176
1.0932326316833496
0.4688384532928467
0.8225212097167969
0.9418320655822754
0.002286672592163086
0.22492289543151855
0.2256777286529541
1.7145814895629883
0.16778111457824707
7.331820011138916
0.17105674743652344
0.0133056640625
2.451233148574829
1.5480461120605469
0.7284941673278809
0.012430667877197266
0.014963388442993164
6.4748125076293945
1.0445194244384766
0.19204449653625488
0.2579371929168701
0.008763313293457031
0.512352466583252
0.33465003967285156
0.1886589527130127
0.5471210479736328
0.2268064022064209
0.5545074939727783
1.7861523628234863
0.24753880500793457
0.07384061813354492
0.16492319107055664
0.078765869140625
0.3214740753173828
0.35875916481018066
2.4148824214935303
1.03363037109375
3.4444172382354736
0.52083420753479
0.21338582038879395
0.0056362152099609375
1.1116814613342285
1.0089747905731201
0.2602269649505615
0.44263696670532227
0.025017261505126953
1.0597689151763916
1.0806467533111572
0.5095164775848389
0.4791066646575928
0.8317453861236572
1.0949249267578125
0.24949955940246582
0.013972282409667969
0.01793074607849121
0.23305869102478027
0.8695235252380371
0.048772573471069336
3.5780012607574463
0.16417813301086426
3.24847149848938
0.2212209701538086
0.24371957778930664
0.020804643630981445
0.22582769393920898
1.2649240493774414
0.22834491729736328
11.045921802520752
0.04994654655456543
2.0833489894866943
0.454174280166626
0.18470048904418945
0.2679100036621094
0.26081156730651855
1.0319254398345947
0.007173299789428711
0.0841524600982666
0.6352624893188477
0.10017204284667969
0.1702117919921875
1.2148797512054443
0.12235617637634277
0.6741163730621338
0.07848501205444336
20.001144409179688
0.8169441223144531
0.21112680435180664
0.12051129341125488
0.0070416927337646484
0.2358689308166504
0.018500804901123047
0.3575911521911621
0.07323765754699707
20.001035928726196
0.2678377628326416
0.16792845726013184
2.5698471069335938
20.001201629638672
0.2650947570800781
0.11852908134460449
0.02131056785583496
0.42797112464904785
1.3215317726135254
0.03503847122192383
0.18646931648254395
1.8604605197906494
0.05521440505981445
0.27773094177246094
0.007664918899536133
2.3009586334228516
6.6052587032318115
0.2248375415802002
0.6700108051300049
