0.2726907730102539
0.0064694881439208984
2.547255277633667
2.469804286956787
11.612093925476074
0.8682246208190918
2.081723213195801
20.001113176345825
0.35064077377319336
6.837236404418945
10.382431983947754
1.7434782981872559
0.002271413803100586
0.2506582736968994
1.8267300128936768
20.0010244846344
10.220460653305054
4.679847002029419
11.246265172958374
10.806704998016357
12.425937175750732
2.3734538555145264
1.5499377250671387
20.001039266586304
20.001022577285767
16.854230403900146
0.5150392055511475
0.9903943538665771
1.0599851608276367
0.007773399353027344
2.068857431411743
0.3343348503112793
0.9081432819366455
20.001052141189575
1.831709861755371
20.001027584075928
4.183552503585815
11.069268465042114
0.8304049968719482
0.1257767677307129
0.02728414535522461
0.07992959022521973
20.001062393188477
4.012935161590576
1.832658290863037
6.651011228561401
0.5535812377929688
0.07612156867980957
13.42311954498291
1.2509441375732422
3.4257631301879883
13.689502000808716
11.249348640441895
20.001072883605957
0.2836451530456543
20.001052856445312
2.114705801010132
4.296798467636108
0.03460526466369629
0.257183313369751
20.001062870025635
0.06623721122741699
4.81270432472229
11.033708095550537
15.802059650421143
3.23966383934021
10.335954904556274
20.00105357170105
7.253265857696533
0.3011188507080078
0.22620487213134766
6.63271689414978
20.001019716262817
4.523663520812988
1.8234584331512451
20.001144647598267
0.040488481521606445
0.5492720603942871
0.4085361957550049
0.9797110557556152
1.0687344074249268
0.314971923828125
0.1987142562866211
0.006924629211425781
0.15099334716796875
1.2277235984802246
11.66448712348938
0.18789148330688477
1.2850408554077148
20.00103735923767
2.301581859588623
20.00106120109558
0.7521994113922119
0.015970945358276367
6.632114410400391
0.0828099250793457
6.408483028411865
0.23986148834228516
0.017386198043823242
14.988457679748535
0.2309863567352295
20.001031637191772
1.0791702270507812
20.001248121261597
17.222748279571533
20.001058340072632
0.10094356536865234
0.18768930435180664
3.2333948612213135
2.0454418659210205
1.3796837329864502
20.00105619430542
0.3198513984680176
20.001051425933838
11.663776874542236
0.2507197856903076
0.006716489791870117
2.248997211456299
0.023949623107910156
20.001073122024536
3.0928499698638916
