1.072159767150879
0.016399860382080078
3.4398117065429688
0.03474259376525879
6.866140604019165
0.8690211772918701
20.007859230041504
11.10002589225769
1.8771800994873047
16.552279710769653
8.096234321594238
20.0009868144989
0.002276182174682617
1.0412366390228271
0.28444480895996094
10.914566993713379
0.8062283992767334
19.476128101348877
20.0011203289032
6.415233135223389
1.6282260417938232
1.2720882892608643
6.321454048156738
17.337167978286743
20.000988483428955
14.454546689987183
1.0281736850738525
0.1852250099182129
1.0525827407836914
0.8104128837585449
2.077571153640747
0.3303227424621582
13.324010372161865
0.5332064628601074
0.2646327018737793
20.00105929374695
2.5803065299987793
13.4535391330719
0.8080799579620361
0.18033814430236816
0.06758308410644531
0.012255191802978516
20.001067399978638
0.8130338191986084
1.0483760833740234
16.663211822509766
20.00102925300598
1.0388996601104736
0.24550771713256836
0.32749199867248535
2.2909414768218994
2.2037060260772705
1.2599809169769287
4.81279993057251
1.846418857574463
20.001033067703247
13.675197839736938
1.301788568496704
0.08071470260620117
6.620466709136963
3.469130277633667
10.838737487792969
1.618415355682373
1.837812900543213
15.322349071502686
20.001083374023438
4.911954402923584
0.9623987674713135
8.17978310585022
0.22672510147094727
0.2362809181213379
6.661828279495239
20.001036405563354
20.001007318496704
20.00098490715027
13.445595979690552
0.0873255729675293
20.001062870025635
1.2664341926574707
20.001062154769897
20.00111985206604
20.001235961914062
0.23922300338745117
0.007971048355102539
0.11419296264648438
20.001017332077026
1.6108603477478027
0.9833974838256836
20.006783485412598
20.00098943710327
1.51255202293396
0.9088389873504639
20.001065254211426
0.11469674110412598
20.001044034957886
0.8709597587585449
0.8077261447906494
1.070542335510254
0.019412994384765625
13.401429653167725
1.6777269840240479
20.001020431518555
0.2753434181213379
0.9839472770690918
20.00111436843872
20.001071453094482
3.428924322128296
0.14692449569702148
11.82908296585083
16.85459065437317
20.001013040542603
20.001060009002686
0.0902252197265625
20.00103759765625
10.401424169540405
0.25351619720458984
0.04011726379394531
2.2494449615478516
0.8418328762054443
1.850529670715332
14.75390076637268
