0.2846212387084961
0.006758928298950195
20.007304668426514
0.8383541107177734
1.6912226676940918
0.1735079288482666
1.1247873306274414
0.23647332191467285
1.1087360382080078
1.1047790050506592
1.5729000568389893
0.14578700065612793
0.0019414424896240234
0.23262500762939453
0.2593514919281006
4.918709993362427
0.22324442863464355
1.7334833145141602
0.400223970413208
0.0132293701171875
0.07818102836608887
1.478945016860962
0.749823808670044
20.002387523651123
10.20621657371521
16.380292892456055
1.0234289169311523
0.180755615234375
1.0558247566223145
0.8096652030944824
0.49053096771240234
0.3346731662750244
0.13827919960021973
0.3627288341522217
0.21149182319641113
1.351327657699585
20.00218391418457
0.2556297779083252
0.07311344146728516
0.11712074279785156
0.07825613021850586
0.9574897289276123
0.10967803001403809
0.8157012462615967
0.21639108657836914
1.0436854362487793
7.905512571334839
1.0266575813293457
0.25340986251831055
0.31517457962036133
0.4629373550415039
20.001184463500977
8.438673734664917
0.018039464950561523
1.8722426891326904
9.121015310287476
0.4736354351043701
1.9472239017486572
0.8779394626617432
0.25977253913879395
0.2502753734588623
0.06877326965332031
1.613182544708252
0.07693672180175781
0.3995800018310547
0.2170870304107666
4.077076196670532
0.9614081382751465
2.1148314476013184
0.2442169189453125
0.24937200546264648
0.02104783058166504
0.22615504264831543
1.6244871616363525
0.22705912590026855
0.25679445266723633
0.038790225982666016
2.0710439682006836
0.2624189853668213
0.1861715316772461
1.0669386386871338
1.7696638107299805
0.18859481811523438
0.006949186325073242
0.14912104606628418
0.6974587440490723
0.0637521743774414
0.2059650421142578
1.9239904880523682
0.9149072170257568
1.499668836593628
0.1517038345336914
20.00109100341797
0.08071660995483398
0.22165632247924805
0.15533161163330078
0.008164405822753906
1.0247838497161865
0.017241239547729492
0.36210012435913086
0.8716392517089844
20.001030445098877
0.2493445873260498
0.16924667358398438
3.8090782165527344
20.001157760620117
0.245530366897583
0.3321058750152588
0.021245479583740234
0.4221537113189697
2.157944917678833
0.036888837814331055
0.09120988845825195
0.2537503242492676
1.3988089561462402
0.2522470951080322
0.007905244827270508
2.277710199356079
0.03811502456665039
0.2368910312652588
0.6783246994018555
