0.001192331314086914
0.0011630058288574219
0.0013155937194824219
0.7990250587463379
0.0009179115295410156
0.00014352798461914062
0.0008521080017089844
0.0009829998016357422
1.7018985748291016
0.0007188320159912109
0.8015367984771729
0.0005877017974853516
0.0006480216979980469
0.08743667602539062
0.0006337165832519531
0.0013535022735595703
0.755307674407959
0.8019886016845703
0.0011861324310302734
0.0006701946258544922
0.0003712177276611328
0.8009898662567139
0.0005550384521484375
0.0009951591491699219
3148.4097998142242
0.08395028114318848
0.03270745277404785
0.7999811172485352
0.0015625953674316406
0.0015573501586914062
2321.570762872696
0.17131328582763672
0.12158894538879395
0.07755756378173828
0.09435129165649414
0.0010361671447753906
1675.0152757167816
0.00029778480529785156
0.0013446807861328125
0.8014810085296631
0.0006530284881591797
0.0003609657287597656
